[ 300.0, 400.0, 0.0 ]
[ 300.0, 400.0, 0.0 ]
[ 300.0, 400.0, 0.0 ]
[ 300.0, 400.0, 0.0 ]
[ 300.0, 400.0, 0.0 ]
[ 300.0, 400.0, 0.0 ]
[ 300.0, 400.0, 0.0 ]
[ 300.0, 400.0, 0.0 ]
[ 300.0, 400.0, 0.0 ]
[ 300.0, 400.0, 0.0 ]
[ 300.0, 400.0, 0.0 ]
[ 300.0, 400.0, 0.0 ]
[ 300.0, 400.0, 0.0 ]
[ 300.0, 400.0, 0.0 ]
[ 300.0, 400.0, 0.0 ]
[ 300.0, 400.0, 0.0 ]
[ 300.0, 400.0, 0.0 ]
[ 300.0, 400.0, 0.0 ]
[ 300.0, 400.0, 0.0 ]
[ 300.0, 400.0, 0.0 ]
[ 300.0, 400.0, 0.0 ]
[ 300.0, 400.0, 0.0 ]
[ 300.0, 400.0, 0.0 ]
[ 300.0, 400.0, 0.0 ]
[ 300.0, 400.0, 0.0 ]
[ 300.0, 400.0, 0.0 ]
[ 300.0, 400.0, 0.0 ]
[ 300.0, 400.0, 0.0 ]
[ 300.0, 400.0, 0.0 ]
[ 300.0, 400.0, 0.0 ]
[ 300.0, 400.0, 0.0 ]
[ 300.0, 400.0, 0.0 ]
[ 300.0, 400.0, 0.0 ]
[ 300.0, 400.0, 0.0 ]
[ 300.0, 400.0, 0.0 ]
[ 300.0, 400.0, 0.0 ]
[ 300.0, 400.0, 0.0 ]
[ 300.0, 400.0, 0.0 ]
[ 300.0, 400.0, 0.0 ]
[ 300.0, 400.0, 0.0 ]
[ 300.0, 400.0, 0.0 ]
[ 300.0, 400.0, 0.0 ]
[ 300.0, 400.0, 0.0 ]
[ 300.0, 400.0, 0.0 ]
[ 300.0, 400.0, 0.0 ]
[ 300.0, 400.0, 0.0 ]
[ 300.0, 400.0, 0.0 ]
[ 300.0, 400.0, 0.0 ]
[ 300.0, 400.0, 0.0 ]
[ 300.0, 400.0, 0.0 ]
[ 300.0, 400.0, 0.0 ]
[ 300.0, 400.0, 0.0 ]
[ 300.0, 400.0, 0.0 ]
[ 300.0, 400.0, 0.0 ]
[ 300.0, 400.0, 0.0 ]
[ 300.0, 400.0, 0.0 ]
[ 300.0, 400.0, 0.0 ]
[ 300.0, 400.0, 0.0 ]
[ 300.0, 400.0, 0.0 ]
[ 300.0, 400.0, 0.0 ]
[ 300.0, 400.0, 0.0 ]
[ 300.0, 400.0, 0.0 ]
[ 300.0, 400.0, 0.0 ]
[ 300.0, 400.0, 0.0 ]
[ 300.0, 400.0, 0.0 ]
[ 300.0, 400.0, 0.0 ]
[ 300.0, 400.0, 0.0 ]
[ 300.0, 400.0, 0.0 ]
[ 300.0, 400.0, 0.0 ]
[ 300.0, 400.0, 0.0 ]
[ 300.0, 400.0, 0.0 ]
[ 300.0, 400.0, 0.0 ]
[ 300.0, 400.0, 0.0 ]
[ 300.0, 400.0, 0.0 ]
[ 300.0, 400.0, 0.0 ]
[ 300.0, 400.0, 0.0 ]
[ 300.0, 400.0, 0.0 ]
[ 300.0, 400.0, 0.0 ]
[ 300.0, 400.0, 0.0 ]
[ 300.0, 400.0, 0.0 ]
[ 300.0, 400.0, 0.0 ]
[ 300.0, 400.0, 0.0 ]
[ 300.0, 400.0, 0.0 ]
[ 300.0, 400.0, 0.0 ]
[ 300.0, 400.0, 0.0 ]
[ 300.0, 400.0, 0.0 ]
[ 300.0, 400.0, 0.0 ]
[ 300.0, 400.0, 0.0 ]
[ 300.0, 400.0, 0.0 ]
[ 300.0, 400.0, 0.0 ]
[ 300.0, 400.0, 0.0 ]
[ 300.0, 400.0, 0.0 ]
[ 300.0, 400.0, 0.0 ]
[ 300.0, 400.0, 0.0 ]
[ 300.0, 400.0, 0.0 ]
[ 300.0, 400.0, 0.0 ]
[ 294.9101, 399.87036, 0.0 ]
[ 288.14084, 399.29428, 0.0 ]
[ 283.1858, 398.57623, 0.0 ]
[ 279.9591, 397.9712, 0.0 ]
[ 276.80383, 397.27246, 0.0 ]
[ 275.2553, 396.8901, 0.0 ]
[ 273.72736, 396.487, 0.0 ]
[ 272.70355, 396.2024, 0.0 ]
[ 268.88803, 395.03705, 0.0 ]
[ 266.67328, 394.2832, 0.0 ]
[ 264.04013, 393.31067, 0.0 ]
[ 261.49585, 392.2899, 0.0 ]
[ 261.49585, 392.2899, 0.0 ]
[ 259.04187, 391.22733, 0.0 ]
[ 259.04187, 391.22733, 0.0 ]
[ 258.4426, 390.9559, 0.0 ]
[ 258.4426, 390.9559, 0.0 ]
[ 258.4426, 390.9559, 0.0 ]
[ 258.4426, 390.9559, 0.0 ]
[ 258.4426, 390.9559, 0.0 ]
[ 257.27997, 390.41568, 0.0 ]
[ 257.27997, 390.41568, 0.0 ]
[ 257.27997, 390.41568, 0.0 ]
[ 257.27997, 390.41568, 0.0 ]
[ 257.27997, 390.41568, 0.0 ]
[ 257.27997, 390.41568, 0.0 ]
[ 257.27997, 390.41568, 0.0 ]
[ 257.27997, 390.41568, 0.0 ]
[ 257.27997, 390.41568, 0.0 ]
[ 257.27997, 390.41568, 0.0 ]
[ 257.27997, 390.41568, 0.0 ]
[ 257.27997, 390.41568, 0.0 ]
[ 257.27997, 390.41568, 0.0 ]
[ 257.27997, 390.41568, 0.0 ]
[ 257.27997, 390.41568, 0.0 ]
[ 257.27997, 390.41568, 0.0 ]
[ 257.27997, 390.41568, 0.0 ]
[ 257.27997, 390.41568, 0.0 ]
[ 257.27997, 390.41568, 0.0 ]
[ 257.27997, 390.41568, 0.0 ]
[ 257.27997, 390.41568, 0.0 ]
[ 257.27997, 390.41568, 0.0 ]
[ 257.27997, 390.41568, 0.0 ]
[ 257.27997, 390.41568, 0.0 ]
[ 257.27997, 390.41568, 0.0 ]
[ 257.27997, 390.41568, 0.0 ]
[ 257.27997, 390.41568, 0.0 ]
[ 257.27997, 390.41568, 0.0 ]
[ 257.27997, 390.41568, 0.0 ]
[ 257.27997, 390.41568, 0.0 ]
[ 257.27997, 390.41568, 0.0 ]
[ 257.27997, 390.41568, 0.0 ]
[ 257.27997, 390.41568, 0.0 ]
[ 257.27997, 390.41568, 0.0 ]
[ 257.27997, 390.41568, 0.0 ]
[ 257.27997, 390.41568, 0.0 ]
[ 257.27997, 390.41568, 0.0 ]
[ 257.27997, 390.41568, 0.0 ]
[ 257.27997, 390.41568, 0.0 ]
[ 257.27997, 390.41568, 0.0 ]
[ 257.27997, 390.41568, 0.0 ]
[ 257.27997, 390.41568, 0.0 ]
[ 257.27997, 390.41568, 0.0 ]
[ 257.27997, 390.41568, 0.0 ]
[ 257.27997, 390.41568, 0.0 ]
[ 257.27997, 390.41568, 0.0 ]
[ 257.27997, 390.41568, 0.0 ]
[ 257.27997, 390.41568, 0.0 ]
[ 257.27997, 390.41568, 0.0 ]
[ 257.27997, 390.41568, 0.0 ]
[ 257.27997, 390.41568, 0.0 ]
[ 257.27997, 390.41568, 0.0 ]
[ 257.27997, 390.41568, 0.0 ]
[ 257.27997, 390.41568, 0.0 ]
[ 257.27997, 390.41568, 0.0 ]
[ 257.27997, 390.41568, 0.0 ]
[ 257.27997, 390.41568, 0.0 ]
[ 257.27997, 390.41568, 0.0 ]
[ 257.27997, 390.41568, 0.0 ]
[ 257.27997, 390.41568, 0.0 ]
[ 257.27997, 390.41568, 0.0 ]
[ 257.27997, 390.41568, 0.0 ]
[ 256.13947, 389.86795, 0.0 ]
[ 256.13947, 389.86795, 0.0 ]
[ 252.84981, 388.1865, 0.0 ]
[ 251.79694, 387.61542, 0.0 ]
[ 249.75583, 386.4611, 0.0 ]
[ 248.76723, 385.87897, 0.0 ]
[ 247.79965, 385.2943, 0.0 ]
[ 246.85286, 384.70758, 0.0 ]
[ 245.92657, 384.11932, 0.0 ]
[ 245.92657, 384.11932, 0.0 ]
[ 245.92657, 384.11932, 0.0 ]
[ 245.92657, 384.11932, 0.0 ]
[ 245.92657, 384.11932, 0.0 ]
[ 245.92657, 384.11932, 0.0 ]
[ 245.92657, 384.11932, 0.0 ]
[ 245.92657, 384.11932, 0.0 ]
[ 245.92657, 384.11932, 0.0 ]
[ 245.92657, 384.11932, 0.0 ]
[ 245.92657, 384.11932, 0.0 ]
[ 245.92657, 384.11932, 0.0 ]
[ 245.92657, 384.11932, 0.0 ]
[ 245.92657, 384.11932, 0.0 ]
[ 245.92657, 384.11932, 0.0 ]
[ 246.85284, 384.70758, 0.0 ]
[ 247.79964, 385.29428, 0.0 ]
[ 248.76721, 385.87894, 0.0 ]
[ 250.37845, 386.8199, 0.0 ]
[ 251.99268, 387.72278, 0.0 ]
[ 253.60805, 388.58765, 0.0 ]
[ 257.34976, 390.44858, 0.0 ]
[ 258.9879, 391.20306, 0.0 ]
[ 262.86902, 392.85086, 0.0 ]
[ 265.1909, 393.74603, 0.0 ]
[ 267.58356, 394.60004, 0.0 ]
[ 270.4801, 395.54355, 0.0 ]
[ 274.6416, 396.73132, 0.0 ]
[ 275.91647, 397.05658, 0.0 ]
[ 279.82233, 397.9431, 0.0 ]
[ 282.48874, 398.4548, 0.0 ]
[ 285.19968, 398.89865, 0.0 ]
[ 290.73364, 399.5697, 0.0 ]
[ 296.37735, 399.93433, 0.0 ]
[ 303.5066, 399.93848, 0.0 ]
[ 309.20236, 399.57565, 0.0 ]
[ 316.2223, 398.67538, 0.0 ]
[ 318.97833, 398.18256, 0.0 ]
[ 323.03806, 397.31, 0.0 ]
[ 328.2849, 395.91638, 0.0 ]
[ 332.07584, 394.71603, 0.0 ]
[ 336.14383, 393.23953, 0.0 ]
[ 338.52063, 392.283, 0.0 ]
[ 340.82782, 391.2857, 0.0 ]
[ 341.95483, 390.77325, 0.0 ]
[ 343.0639, 390.25238, 0.0 ]
[ 345.72638, 388.93307, 0.0 ]
[ 347.30356, 388.1043, 0.0 ]
[ 349.3814, 386.95673, 0.0 ]
[ 351.92926, 385.45963, 0.0 ]
[ 352.90466, 384.85925, 0.0 ]
[ 355.36395, 383.27563, 0.0 ]
[ 355.36395, 383.27563, 0.0 ]
[ 356.8622, 382.2599, 0.0 ]
[ 356.8622, 382.2599, 0.0 ]
[ 356.8622, 382.2599, 0.0 ]
[ 357.7636, 381.62946, 0.0 ]
[ 358.3536, 381.20874, 0.0 ]
[ 358.3536, 381.20874, 0.0 ]
[ 358.95355, 380.77426, 0.0 ]
[ 360.69882, 379.4711, 0.0 ]
[ 362.97202, 377.68225, 0.0 ]
[ 363.58865, 377.17828, 0.0 ]
[ 364.38882, 376.512, 0.0 ]
[ 365.16934, 375.8483, 0.0 ]
[ 365.9306, 375.18753, 0.0 ]
[ 365.9306, 375.18753, 0.0 ]
[ 365.9306, 375.18753, 0.0 ]
[ 365.9306, 375.18753, 0.0 ]
[ 365.9306, 375.18753, 0.0 ]
[ 365.9306, 375.18753, 0.0 ]
[ 365.9306, 375.18753, 0.0 ]
[ 365.16934, 375.8483, 0.0 ]
[ 364.38882, 376.512, 0.0 ]
[ 362.76843, 377.84683, 0.0 ]
[ 361.06635, 379.18906, 0.0 ]
[ 358.35364, 381.20874, 0.0 ]
[ 354.4249, 383.8924, 0.0 ]
[ 347.83032, 387.81952, 0.0 ]
[ 344.20905, 389.69708, 0.0 ]
[ 341.6748, 390.90222, 0.0 ]
[ 335.84695, 393.35416, 0.0 ]
[ 331.64764, 394.86005, 0.0 ]
[ 325.10287, 396.79797, 0.0 ]
[ 320.64395, 397.84595, 0.0 ]
[ 316.06827, 398.70062, 0.0 ]
[ 308.25632, 399.6586, 0.0 ]
[ 300.3339, 399.99945, 0.0 ]
[ 297.1671, 399.95987, 0.0 ]
[ 292.4489, 399.7145, 0.0 ]
[ 283.23764, 398.5851, 0.0 ]
[ 275.91656, 397.05664, 0.0 ]
[ 271.72342, 395.9189, 0.0 ]
[ 271.72342, 395.9189, 0.0 ]
[ 269.02115, 395.08057, 0.0 ]
[ 267.69934, 394.6397, 0.0 ]
[ 266.39758, 394.18536, 0.0 ]
[ 262.6156, 392.74918, 0.0 ]
[ 259.02283, 391.2188, 0.0 ]
[ 254.531, 389.06497, 0.0 ]
[ 253.46132, 388.51074, 0.0 ]
[ 250.37857, 386.82, 0.0 ]
[ 249.39258, 386.249, 0.0 ]
[ 248.4271, 385.67517, 0.0 ]
[ 248.4271, 385.67517, 0.0 ]
[ 247.48187, 385.09903, 0.0 ]
[ 247.48187, 385.09903, 0.0 ]
[ 247.48187, 385.09903, 0.0 ]
[ 247.48187, 385.09903, 0.0 ]
[ 247.48187, 385.09903, 0.0 ]
[ 247.48187, 385.09903, 0.0 ]
[ 247.48187, 385.09903, 0.0 ]
[ 249.39258, 386.249, 0.0 ]
[ 251.38522, 387.38766, 0.0 ]
[ 256.21017, 389.90247, 0.0 ]
[ 260.1444, 391.71442, 0.0 ]
[ 266.63278, 394.26892, 0.0 ]
[ 269.1423, 395.11993, 0.0 ]
[ 277.0876, 397.33972, 0.0 ]
[ 281.27103, 398.23047, 0.0 ]
[ 288.26956, 399.3096, 0.0 ]
[ 291.08377, 399.6017, 0.0 ]
[ 297.26587, 399.96262, 0.0 ]
[ 306.676, 399.77692, 0.0 ]
[ 313.27267, 399.11526, 0.0 ]
[ 319.8888, 398.00223, 0.0 ]
[ 323.355, 397.2345, 0.0 ]
[ 328.02332, 395.99323, 0.0 ]
[ 333.43857, 394.24365, 0.0 ]
[ 333.9206, 394.07123, 0.0 ]
[ 340.37213, 391.48822, 0.0 ]
[ 346.51447, 388.5235, 0.0 ]
[ 353.48425, 384.4952, 0.0 ]
[ 356.51035, 382.50204, 0.0 ]
[ 360.49777, 379.6243, 0.0 ]
[ 362.5234, 378.0438, 0.0 ]
[ 363.4933, 377.25677, 0.0 ]
[ 364.43536, 376.4728, 0.0 ]
[ 364.43536, 376.4728, 0.0 ]
[ 365.35025, 375.69247, 0.0 ]
[ 365.35025, 375.69247, 0.0 ]
[ 365.35025, 375.69247, 0.0 ]
[ 365.35025, 375.69247, 0.0 ]
[ 364.43536, 376.4728, 0.0 ]
[ 362.5234, 378.04376, 0.0 ]
[ 358.71246, 380.94968, 0.0 ]
[ 349.7142, 386.76694, 0.0 ]
[ 339.56577, 391.83984, 0.0 ]
[ 332.63504, 394.5249, 0.0 ]
[ 323.0382, 397.31003, 0.0 ]
[ 312.1512, 399.259, 0.0 ]
[ 302.09897, 399.97797, 0.0 ]
[ 288.07587, 399.28653, 0.0 ]
[ 282.14447, 398.393, 0.0 ]
[ 277.71475, 397.48523, 0.0 ]
[ 274.64175, 396.73138, 0.0 ]
[ 268.19275, 394.80664, 0.0 ]
[ 260.24265, 391.75702, 0.0 ]
[ 251.13165, 387.2461, 0.0 ]
[ 248.90732, 385.9624, 0.0 ]
[ 247.4819, 385.09903, 0.0 ]
[ 245.42809, 383.79678, 0.0 ]
[ 244.11377, 382.92603, 0.0 ]
[ 243.47275, 382.4904, 0.0 ]
[ 242.84232, 382.0548, 0.0 ]
[ 242.84232, 382.0548, 0.0 ]
[ 242.37079, 381.72433, 0.0 ]
[ 242.37079, 381.72433, 0.0 ]
[ 242.37079, 381.72433, 0.0 ]
[ 243.00085, 382.165, 0.0 ]
[ 244.2933, 383.0467, 0.0 ]
[ 247.01126, 384.80673, 0.0 ]
[ 250.66757, 386.98447, 0.0 ]
[ 253.80702, 388.6916, 0.0 ]
[ 258.00592, 390.75507, 0.0 ]
[ 267.32092, 394.50958, 0.0 ]
[ 276.69135, 397.2455, 0.0 ]
[ 303.50674, 399.93842, 0.0 ]
[ 326.77896, 396.34766, 0.0 ]
[ 351.7884, 385.54498, 0.0 ]
[ 358.59946, 381.03137, 0.0 ]
[ 362.60196, 377.9806, 0.0 ]
[ 364.54648, 376.37885, 0.0 ]
[ 365.16934, 375.8481, 0.0 ]
[ 365.77985, 375.31924, 0.0 ]
[ 366.37823, 374.79242, 0.0 ]
[ 367.53946, 373.74548, 0.0 ]
[ 367.53946, 373.74548, 0.0 ]
[ 367.53946, 373.74548, 0.0 ]
[ 367.53946, 373.74548, 0.0 ]
[ 366.96472, 374.26776, 0.0 ]
[ 366.37823, 374.79242, 0.0 ]
[ 363.9111, 376.9113, 0.0 ]
[ 359.0962, 380.6698, 0.0 ]
[ 345.50357, 389.04718, 0.0 ]
[ 321.22412, 397.72162, 0.0 ]
[ 272.65607, 396.1888, 0.0 ]
[ 254.5311, 389.0649, 0.0 ]
[ 240.30731, 380.22943, 0.0 ]
[ 235.0542, 376.0396, 0.0 ]
[ 230.49408, 371.8951, 0.0 ]
[ 226.94148, 368.282, 0.0 ]
[ 225.87936, 367.12756, 0.0 ]
[ 224.81769, 365.93634, 0.0 ]
[ 224.27226, 365.3092, 0.0 ]
[ 223.73303, 364.67868, 0.0 ]
[ 223.97116, 364.95844, 0.0 ]
[ 224.45724, 365.52307, 0.0 ]
[ 225.73222, 366.96475, 0.0 ]
[ 227.3826, 368.75095, 0.0 ]
[ 234.7606, 375.78787, 0.0 ]
[ 252.82977, 388.17566, 0.0 ]
[ 293.07495, 399.75983, 0.0 ]
[ 318.00992, 398.36475, 0.0 ]
[ 350.93433, 386.05624, 0.0 ]
[ 367.4425, 373.8342, 0.0 ]
[ 381.7395, 357.60757, 0.0 ]
[ 384.02985, 354.21222, 0.0 ]
[ 385.28534, 352.21484, 0.0 ]
[ 386.09818, 350.86337, 0.0 ]
[ 386.4396, 350.28094, 0.0 ]
[ 386.4396, 350.28094, 0.0 ]
[ 386.4396, 350.28094, 0.0 ]
[ 386.2703, 350.5709, 0.0 ]
[ 385.74533, 351.45596, 0.0 ]
[ 384.8102, 352.9831, 0.0 ]
[ 379.6909, 360.4098, 0.0 ]
[ 367.1276, 374.12064, 0.0 ]
[ 328.41797, 395.877, 0.0 ]
[ 291.8903, 399.67053, 0.0 ]
[ 275.4844, 396.94827, 0.0 ]
[ 265.01117, 393.67905, 0.0 ]
[ 257.57227, 390.55313, 0.0 ]
[ 256.09235, 389.84485, 0.0 ]
[ 254.849, 389.2265, 0.0 ]
[ 254.44063, 389.01868, 0.0 ]
[ 254.03526, 388.81006, 0.0 ]
[ 253.80707, 388.6916, 0.0 ]
[ 253.80707, 388.6916, 0.0 ]
[ 253.7528, 388.6633, 0.0 ]
[ 254.76357, 389.18323, 0.0 ]
[ 260.02472, 391.6622, 0.0 ]
[ 276.23166, 397.13416, 0.0 ]
[ 313.1942, 399.1256, 0.0 ]
[ 325.71896, 396.63596, 0.0 ]
[ 330.59973, 395.2031, 0.0 ]
[ 333.22095, 394.3204, 0.0 ]
[ 334.2502, 393.95154, 0.0 ]
[ 335.26813, 393.5742, 0.0 ]
[ 336.27457, 393.18866, 0.0 ]
[ 337.2693, 392.79532, 0.0 ]
[ 337.76224, 392.59583, 0.0 ]
[ 338.73914, 392.1914, 0.0 ]
[ 339.22308, 391.98657, 0.0 ]
[ 339.22308, 391.98657, 0.0 ]
[ 338.73914, 392.19144, 0.0 ]
[ 336.42334, 393.13068, 0.0 ]
[ 332.74216, 394.48773, 0.0 ]
[ 325.39883, 396.72064, 0.0 ]
[ 305.11798, 399.86887, 0.0 ]
[ 289.1946, 399.41443, 0.0 ]
[ 277.12842, 397.34924, 0.0 ]
[ 272.28653, 396.08304, 0.0 ]
[ 269.92426, 395.37, 0.0 ]
[ 269.1053, 395.10785, 0.0 ]
[ 267.89066, 394.70468, 0.0 ]
[ 267.4895, 394.56772, 0.0 ]
[ 267.09024, 394.42953, 0.0 ]
[ 266.69287, 394.2901, 0.0 ]
[ 266.13974, 394.0929, 0.0 ]
[ 265.98087, 394.03558, 0.0 ]
[ 265.98087, 394.03558, 0.0 ]
[ 265.98087, 394.03558, 0.0 ]
[ 265.98087, 394.03558, 0.0 ]
[ 265.98087, 394.03558, 0.0 ]
[ 266.37866, 394.17856, 0.0 ]
[ 266.37866, 394.17856, 0.0 ]
[ 266.77844, 394.3203, 0.0 ]
[ 267.58374, 394.6001, 0.0 ]
[ 268.24396, 394.82376, 0.0 ]
[ 268.9158, 395.0461, 0.0 ]
[ 273.4561, 396.41272, 0.0 ]
[ 280.90884, 398.16068, 0.0 ]
[ 295.8315, 399.91302, 0.0 ]
[ 300.93073, 399.9956, 0.0 ]
[ 305.0596, 399.87186, 0.0 ]
[ 306.6266, 399.78015, 0.0 ]
[ 307.6642, 399.7058, 0.0 ]
[ 308.7272, 399.6184, 0.0 ]
[ 309.79913, 399.51868, 0.0 ]
[ 309.79913, 399.51868, 0.0 ]
[ 310.32053, 399.46597, 0.0 ]
[ 310.84125, 399.41058, 0.0 ]
[ 310.84125, 399.41058, 0.0 ]
[ 310.84125, 399.41058, 0.0 ]
[ 310.35635, 399.46225, 0.0 ]
[ 309.30753, 399.56586, 0.0 ]
[ 307.73004, 399.70074, 0.0 ]
[ 306.67606, 399.77686, 0.0 ]
[ 302.97797, 399.9556, 0.0 ]
[ 297.09958, 399.9579, 0.0 ]
[ 282.59918, 398.47437, 0.0 ]
[ 271.7235, 395.91885, 0.0 ]
[ 258.44275, 390.95593, 0.0 ]
[ 250.24887, 386.74567, 0.0 ]
[ 240.37303, 380.27832, 0.0 ]
[ 233.72406, 374.88312, 0.0 ]
[ 229.69159, 371.11053, 0.0 ]
[ 226.59538, 367.90982, 0.0 ]
[ 224.15189, 365.16937, 0.0 ]
[ 221.76175, 362.27972, 0.0 ]
[ 217.26917, 356.17468, 0.0 ]
[ 210.09935, 343.7934, 0.0 ]
[ 208.6733, 340.736, 0.0 ]
[ 207.53621, 338.08456, 0.0 ]
[ 206.90445, 336.51306, 0.0 ]
[ 204.34988, 329.1726, 0.0 ]
[ 203.32394, 325.56805, 0.0 ]
[ 202.66495, 322.93185, 0.0 ]
[ 202.05289, 320.15802, 0.0 ]
[ 201.837, 319.079, 0.0 ]
[ 201.63232, 317.99393, 0.0 ]
[ 201.2573, 315.8069, 0.0 ]
[ 200.32187, 308.0156, 0.0 ]
[ 200.08359, 304.08536, 0.0 ]
[ 200.0084, 301.28912, 0.0 ]
[ 200.00449, 299.06378, 0.0 ]
[ 200.021, 297.95596, 0.0 ]
[ 200.06851, 296.30194, 0.0 ]
[ 200.09035, 295.7526, 0.0 ]
[ 200.11516, 295.20456, 0.0 ]
[ 200.14291, 294.65765, 0.0 ]
[ 200.17361, 294.11197, 0.0 ]
[ 200.17361, 294.11194, 0.0 ]
[ 200.17969, 294.00977, 0.0 ]
[ 200.3636, 291.48148, 0.0 ]
[ 201.00449, 285.8626, 0.0 ]
[ 202.25818, 278.86917, 0.0 ]
[ 203.02023, 275.6094, 0.0 ]
[ 205.93521, 266.06192, 0.0 ]
[ 207.48141, 262.04883, 0.0 ]
[ 209.48189, 257.49762, 0.0 ]
[ 211.75943, 252.95126, 0.0 ]
[ 213.43083, 249.94243, 0.0 ]
[ 215.8176, 246.02498, 0.0 ]
[ 217.47511, 243.52325, 0.0 ]
[ 219.01071, 241.34239, 0.0 ]
[ 223.22717, 235.9226, 0.0 ]
[ 227.00995, 231.6448, 0.0 ]
[ 230.46478, 228.13322, 0.0 ]
[ 236.95198, 222.37958, 0.0 ]
[ 242.75739, 218.00449, 0.0 ]
[ 248.86949, 214.06018, 0.0 ]
[ 263.06558, 207.07083, 0.0 ]
[ 281.6188, 201.70395, 0.0 ]
[ 300.0503, 200.0001, 0.0 ]
[ 319.10437, 201.84195, 0.0 ]
[ 341.97675, 209.23694, 0.0 ]
[ 350.64624, 213.77391, 0.0 ]
[ 362.0199, 221.55566, 0.0 ]
[ 368.8025, 227.43143, 0.0 ]
[ 373.26355, 231.938, 0.0 ]
[ 378.5068, 238.05917, 0.0 ]
[ 386.43237, 249.70659, 0.0 ]
[ 397.25766, 276.74213, 0.0 ]
[ 397.05554, 275.91263, 0.0 ]
[ 399.66846, 291.8652, 0.0 ]
[ 399.93823, 296.48907, 0.0 ]
[ 399.96246, 302.7349, 0.0 ]
[ 398.83078, 315.2464, 0.0 ]
[ 381.78604, 357.54144, 0.0 ]
[ 360.9194, 379.30194, 0.0 ]
[ 351.40363, 385.77667, 0.0 ]
[ 350.41827, 386.35953, 0.0 ]
[ 349.24588, 387.03342, 0.0 ]
[ 345.35785, 389.1215, 0.0 ]
[ 338.72388, 392.1978, 0.0 ]
[ 333.37036, 394.2677, 0.0 ]
[ 330.84106, 395.12524, 0.0 ]
[ 327.90652, 396.02713, 0.0 ]
[ 321.886, 397.57556, 0.0 ]
[ 302.10855, 399.9777, 0.0 ]
[ 287.7325, 399.24463, 0.0 ]
[ 270.9956, 395.70126, 0.0 ]
[ 262.01965, 392.50665, 0.0 ]
[ 251.57286, 387.4917, 0.0 ]
[ 246.506, 384.48892, 0.0 ]
[ 241.03241, 380.76392, 0.0 ]
[ 234.75781, 375.7855, 0.0 ]
[ 229.11339, 370.5342, 0.0 ]
[ 220.98915, 361.2966, 0.0 ]
[ 217.84187, 357.00903, 0.0 ]
[ 215.57565, 353.5959, 0.0 ]
[ 214.30342, 351.53723, 0.0 ]
[ 212.81409, 348.9756, 0.0 ]
[ 209.22038, 341.94107, 0.0 ]
[ 206.63646, 335.82236, 0.0 ]
[ 204.3034, 329.01993, 0.0 ]
[ 202.68103, 323.00027, 0.0 ]
[ 200.62598, 311.17126, 0.0 ]
[ 200.00162, 299.43677, 0.0 ]
[ 202.05931, 279.81052, 0.0 ]
[ 205.42438, 267.5124, 0.0 ]
[ 210.19484, 256.01105, 0.0 ]
[ 218.70573, 241.76567, 0.0 ]
[ 226.72052, 231.95505, 0.0 ]
[ 246.54758, 215.48468, 0.0 ]
[ 261.14157, 207.85867, 0.0 ]
[ 277.99915, 202.4502, 0.0 ]
[ 286.17444, 200.96033, 0.0 ]
[ 300.53143, 200.0014, 0.0 ]
[ 312.11487, 200.73656, 0.0 ]
[ 326.9875, 203.71045, 0.0 ]
[ 338.63947, 207.76663, 0.0 ]
[ 347.06024, 211.76546, 0.0 ]
[ 354.56924, 216.20145, 0.0 ]
[ 365.1394, 224.12604, 0.0 ]
[ 370.13043, 228.7138, 0.0 ]
[ 374.76358, 233.58913, 0.0 ]
[ 376.4181, 235.49985, 0.0 ]
[ 377.62842, 236.96176, 0.0 ]
[ 380.73016, 240.98616, 0.0 ]
[ 382.98175, 244.1966, 0.0 ]
[ 387.1881, 251.02835, 0.0 ]
[ 390.9185, 258.3609, 0.0 ]
[ 390.0507, 256.51602, 0.0 ]
[ 392.91504, 263.03003, 0.0 ]
[ 394.65686, 267.7501, 0.0 ]
[ 396.95917, 275.52765, 0.0 ]
[ 397.63257, 278.37, 0.0 ]
[ 398.80344, 284.5774, 0.0 ]
[ 399.49094, 289.92392, 0.0 ]
[ 399.98746, 298.42505, 0.0 ]
[ 399.97803, 302.08978, 0.0 ]
[ 399.92456, 303.87958, 0.0 ]
[ 399.7413, 307.1862, 0.0 ]
[ 399.52713, 309.71188, 0.0 ]
[ 399.1588, 312.94205, 0.0 ]
[ 398.65335, 316.3549, 0.0 ]
[ 397.7233, 321.2161, 0.0 ]
[ 397.0118, 324.26257, 0.0 ]
[ 395.8921, 328.3667, 0.0 ]
[ 394.1327, 333.74908, 0.0 ]
[ 393.0036, 336.74637, 0.0 ]
[ 391.64777, 340.00818, 0.0 ]
[ 391.5633, 340.20117, 0.0 ]
[ 390.85922, 341.7681, 0.0 ]
[ 390.03983, 343.50638, 0.0 ]
[ 390.21957, 343.1324, 0.0 ]
[ 389.7366, 344.12842, 0.0 ]
[ 388.79797, 345.98795, 0.0 ]
[ 388.06586, 347.37485, 0.0 ]
[ 388.42688, 346.69754, 0.0 ]
[ 387.51147, 348.39127, 0.0 ]
[ 386.75555, 349.73376, 0.0 ]
[ 387.59686, 348.23657, 0.0 ]
[ 388.10443, 347.30313, 0.0 ]
[ 388.6864, 346.20282, 0.0 ]
[ 387.7351, 347.98468, 0.0 ]
[ 378.9569, 361.366, 0.0 ]
[ 375.17886, 365.94025, 0.0 ]
[ 351.5484, 385.6898, 0.0 ]
[ 322.33856, 397.4729, 0.0 ]
[ 297.0923, 399.9576, 0.0 ]
[ 269.00577, 395.07544, 0.0 ]
[ 259.69922, 391.51956, 0.0 ]
[ 247.82718, 385.3111, 0.0 ]
[ 240.53076, 380.39526, 0.0 ]
[ 234.05972, 375.1789, 0.0 ]
[ 228.42862, 369.8393, 0.0 ]
[ 223.60324, 364.5254, 0.0 ]
[ 220.0863, 360.1148, 0.0 ]
[ 220.0863, 360.1148, 0.0 ]
[ 216.76016, 355.41766, 0.0 ]
[ 213.66989, 350.4688, 0.0 ]
[ 210.85522, 345.31223, 0.0 ]
[ 208.34824, 339.99927, 0.0 ]
[ 208.34824, 339.99927, 0.0 ]
[ 204.3371, 329.13068, 0.0 ]
[ 201.69199, 318.31732, 0.0 ]
[ 200.4026, 308.9638, 0.0 ]
[ 200.00223, 300.66174, 0.0 ]
[ 200.1671, 294.22217, 0.0 ]
[ 203.26859, 274.64206, 0.0 ]
[ 209.50314, 257.4522, 0.0 ]
[ 217.09752, 244.07886, 0.0 ]
[ 222.38812, 236.94135, 0.0 ]
[ 236.42868, 222.80746, 0.0 ]
[ 221.19708, 238.4362, 0.0 ]
[ 229.44165, 229.1373, 0.0 ]
[ 247.83102, 214.68645, 0.0 ]
[ 280.23358, 201.97299, 0.0 ]
[ 295.4585, 200.10315, 0.0 ]
[ 304.29327, 200.09216, 0.0 ]
[ 319.82263, 201.98431, 0.0 ]
[ 333.48492, 205.77277, 0.0 ]
[ 336.3236, 206.83023, 0.0 ]
[ 336.3236, 206.83023, 0.0 ]
[ 336.3236, 206.83023, 0.0 ]
[ 344.9138, 210.6537, 0.0 ]
[ 353.4171, 215.46231, 0.0 ]
[ 344.7402, 210.56665, 0.0 ]
[ 353.4171, 215.46231, 0.0 ]
[ 361.4107, 221.07767, 0.0 ]
[ 368.55182, 227.1944, 0.0 ]
[ 374.75494, 233.57932, 0.0 ]
[ 384.37747, 246.33018, 0.0 ]
[ 392.85553, 262.88046, 0.0 ]
[ 396.56708, 274.02298, 0.0 ]
[ 396.56708, 274.02298, 0.0 ]
[ 398.92346, 285.36597, 0.0 ]
[ 400.00003, 300.02106, 0.0 ]
[ 398.995, 314.14212, 0.0 ]
[ 396.82776, 324.9878, 0.0 ]
[ 394.86835, 331.62277, 0.0 ]
[ 392.21945, 338.67267, 0.0 ]
[ 389.44275, 344.72137, 0.0 ]
[ 386.4789, 350.21356, 0.0 ]
[ 383.20505, 355.47003, 0.0 ]
[ 379.66916, 360.43866, 0.0 ]
[ 375.9257, 365.07916, 0.0 ]
[ 375.9257, 365.07916, 0.0 ]
[ 372.03204, 369.3642, 0.0 ]
[ 368.04514, 373.27936, 0.0 ]
[ 360.00003, 380.0, 0.0 ]
[ 352.73633, 384.96402, 0.0 ]
[ 346.03174, 388.77545, 0.0 ]
[ 341.90582, 390.79596, 0.0 ]
[ 331.62277, 394.86835, 0.0 ]
[ 317.88855, 398.38702, 0.0 ]
[ 299.99997, 400.00003, 0.0 ]
[ 289.5315, 399.45056, 0.0 ]
[ 266.71796, 394.29904, 0.0 ]
[ 255.2786, 389.44272, 0.0 ]
[ 245.67482, 383.957, 0.0 ]
[ 236.94067, 377.6114, 0.0 ]
[ 236.94067, 377.6114, 0.0 ]
[ 229.28925, 370.71063, 0.0 ]
[ 222.8069, 363.57068, 0.0 ]
[ 217.4692, 356.46832, 0.0 ]
[ 217.4692, 356.46832, 0.0 ]
[ 213.17561, 349.61383, 0.0 ]
[ 210.5572, 344.72128, 0.0 ]
[ 207.8364, 338.80563, 0.0 ]
[ 202.65823, 322.90384, 0.0 ]
[ 200.77217, 312.40338, 0.0 ]
[ 201.00504, 285.85776, 0.0 ]
[ 201.61296, 317.88843, 0.0 ]
[ 200.01077, 301.4703, 0.0 ]
[ 203.99995, 272.00003, 0.0 ]
[ 203.99995, 272.00003, 0.0 ]
[ 212.96501, 250.75656, 0.0 ]
[ 217.78073, 243.07901, 0.0 ]
[ 223.27176, 235.86899, 0.0 ]
[ 228.25716, 230.3367, 0.0 ]
[ 228.25716, 230.3367, 0.0 ]
[ 235.65471, 223.45135, 0.0 ]
[ 244.80122, 216.61472, 0.0 ]
[ 244.80122, 216.61472, 0.0 ]
[ 255.77069, 210.3129, 0.0 ]
[ 268.37717, 205.13165, 0.0 ]
[ 255.2786, 210.55728, 0.0 ]
[ 268.37717, 205.13165, 0.0 ]
[ 281.5711, 201.71277, 0.0 ]
[ 305.54697, 200.15393, 0.0 ]
[ 315.59622, 201.22366, 0.0 ]
[ 324.25354, 202.98572, 0.0 ]
[ 344.72134, 210.55725, 0.0 ]
[ 356.46838, 217.46924, 0.0 ]
[ 363.57074, 222.80695, 0.0 ]
[ 372.82, 231.4635, 0.0 ]
[ 380.0, 239.99997, 0.0 ]
[ 380.8736, 241.1828, 0.0 ]
[ 385.41983, 248.00526, 0.0 ]
[ 389.4427, 255.2786, 0.0 ]
[ 392.84766, 262.86087, 0.0 ]
[ 392.84766, 262.86087, 0.0 ]
[ 395.57788, 270.59134, 0.0 ]
[ 395.57788, 270.59134, 0.0 ]
[ 397.61868, 278.3069, 0.0 ]
[ 398.99493, 285.8578, 0.0 ]
[ 398.99493, 285.8578, 0.0 ]
[ 399.34088, 288.5375, 0.0 ]
[ 400.0, 299.99994, 0.0 ]
[ 400.0, 300.0, 0.0 ]
[ 399.22778, 312.40347, 0.0 ]
[ 396.76172, 325.2422, 0.0 ]
[ 392.5547, 337.86328, 0.0 ]
[ 386.8243, 349.6139, 0.0 ]
[ 377.19302, 363.5707, 0.0 ]
[ 377.19302, 363.5707, 0.0 ]
[ 370.7107, 370.71066, 0.0 ]
[ 363.05927, 377.6114, 0.0 ]
[ 344.72137, 389.44272, 0.0 ]
[ 334.57056, 393.83432, 0.0 ]
[ 324.2536, 397.01425, 0.0 ]
[ 314.14215, 398.99496, 0.0 ]
[ 300.00003, 400.0, 0.0 ]
[ 284.40378, 398.7763, 0.0 ]
[ 268.37726, 394.86835, 0.0 ]
[ 253.21124, 388.3788, 0.0 ]
[ 253.21124, 388.3788, 0.0 ]
[ 240.0, 380.00003, 0.0 ]
[ 229.28932, 370.7107, 0.0 ]
[ 222.38858, 363.05927, 0.0 ]
[ 216.04297, 354.32513, 0.0 ]
[ 206.16566, 334.57053, 0.0 ]
[ 202.98572, 324.25357, 0.0 ]
[ 200.10312, 304.54077, 0.0 ]
[ 200.77219, 287.59647, 0.0 ]
[ 200.77219, 287.59647, 0.0 ]
[ 201.94193, 280.3883, 0.0 ]
[ 201.94193, 280.3883, 0.0 ]
[ 207.15233, 262.86087, 0.0 ]
[ 209.20407, 258.09412, 0.0 ]
[ 212.07082, 252.37161, 0.0 ]
[ 227.40475, 231.22546, 0.0 ]
[ 233.32056, 225.4758, 0.0 ]
[ 216.06146, 245.64627, 0.0 ]
[ 227.13849, 231.50761, 0.0 ]
[ 246.0769, 215.78418, 0.0 ]
[ 258.36548, 209.07932, 0.0 ]
[ 264.0852, 206.6719, 0.0 ]
[ 284.2489, 201.24826, 0.0 ]
[ 296.39273, 200.06506, 0.0 ]
[ 311.07703, 200.61537, 0.0 ]
[ 319.2922, 201.87857, 0.0 ]
[ 338.46164, 207.69232, 0.0 ]
[ 354.35376, 216.0615, 0.0 ]
[ 361.13672, 220.86526, 0.0 ]
[ 367.41364, 226.13925, 0.0 ]
[ 373.089, 231.7504, 0.0 ]
[ 378.10822, 237.5571, 0.0 ]
[ 384.21588, 246.07693, 0.0 ]
[ 384.21588, 246.07693, 0.0 ]
[ 394.43756, 267.11295, 0.0 ]
[ 398.9624, 285.6315, 0.0 ]
[ 399.7631, 293.11993, 0.0 ]
[ 396.81924, 325.02087, 0.0 ]
[ 383.9385, 354.35382, 0.0 ]
[ 370.14868, 371.2683, 0.0 ]
[ 342.37222, 390.57925, 0.0 ]
[ 306.88007, 399.76306, 0.0 ]
[ 296.578, 399.94144, 0.0 ]
[ 285.2521, 398.90652, 0.0 ]
[ 274.97913, 396.8192, 0.0 ]
[ 259.0417, 391.2273, 0.0 ]
[ 273.3897, 396.39447, 0.0 ]
[ 266.07495, 394.0696, 0.0 ]
[ 252.39595, 387.94232, 0.0 ]
[ 238.36188, 378.74478, 0.0 ]
[ 222.92142, 363.7094, 0.0 ]
[ 209.93279, 343.44992, 0.0 ]
[ 200.02444, 302.21072, 0.0 ]
[ 201.4361, 283.1134, 0.0 ]
[ 203.1054, 275.2728, 0.0 ]
[ 217.35846, 243.69391, 0.0 ]
[ 220.87912, 238.84538, 0.0 ]
[ 234.409, 224.51608, 0.0 ]
[ 243.14597, 217.73445, 0.0 ]
[ 253.06198, 211.70038, 0.0 ]
[ 265.87808, 206.00162, 0.0 ]
[ 276.6313, 202.7688, 0.0 ]
[ 291.3517, 200.37466, 0.0 ]
[ 306.99536, 200.24496, 0.0 ]
[ 330.98065, 204.92001, 0.0 ]
[ 338.1817, 207.57617, 0.0 ]
[ 359.45776, 219.59613, 0.0 ]
[ 375.48395, 234.40898, 0.0 ]
[ 392.35205, 261.64502, 0.0 ]
[ 399.9787, 297.93524, 0.0 ]
[ 399.7652, 306.849, 0.0 ]
[ 390.93365, 341.60617, 0.0 ]
[ 381.65814, 357.72302, 0.0 ]
[ 362.72668, 377.88043, 0.0 ]
[ 354.37988, 383.92157, 0.0 ]
[ 339.84338, 391.71973, 0.0 ]
[ 326.09045, 396.53647, 0.0 ]
[ 340.46613, 391.4467, 0.0 ]
[ 333.33328, 394.28094, 0.0 ]
[ 306.77853, 399.77002, 0.0 ]
[ 277.50488, 397.437, 0.0 ]
[ 256.9035, 390.23688, 0.0 ]
[ 214.27869, 351.49622, 0.0 ]
[ 208.70496, 340.80707, 0.0 ]
[ 200.00092, 300.42752, 0.0 ]
[ 200.72005, 288.02124, 0.0 ]
[ 204.46426, 270.45477, 0.0 ]
[ 206.58957, 264.3, 0.0 ]
[ 213.95187, 249.05179, 0.0 ]
[ 217.44359, 243.56917, 0.0 ]
[ 224.0387, 234.96246, 0.0 ]
[ 230.74695, 227.86113, 0.0 ]
[ 238.26874, 221.3282, 0.0 ]
[ 247.33414, 214.99231, 0.0 ]
[ 253.82434, 211.29932, 0.0 ]
[ 270.6249, 204.41179, 0.0 ]
[ 284.24356, 201.24911, 0.0 ]
[ 342.75916, 209.60277, 0.0 ]
[ 314.28375, 201.02536, 0.0 ]
[ 353.64136, 215.60445, 0.0 ]
[ 381.9749, 242.7277, 0.0 ]
[ 391.44653, 259.53354, 0.0 ]
[ 397.6068, 278.2535, 0.0 ]
[ 399.12375, 286.7909, 0.0 ]
[ 399.96042, 302.8134, 0.0 ]
[ 398.7539, 315.7375, 0.0 ]
[ 397.97366, 320.0291, 0.0 ]
[ 394.70267, 332.11557, 0.0 ]
[ 393.35886, 335.83475, 0.0 ]
[ 388.81354, 345.95825, 0.0 ]
[ 385.01358, 352.65637, 0.0 ]
[ 380.25607, 359.65707, 0.0 ]
[ 372.2368, 369.15094, 0.0 ]
[ 346.66238, 388.44562, 0.0 ]
[ 309.8434, 399.5144, 0.0 ]
[ 261.85507, 392.43903, 0.0 ]
[ 238.48187, 378.83862, 0.0 ]
[ 223.16336, 364.0011, 0.0 ]
[ 208.70511, 340.80753, 0.0 ]
[ 204.06259, 328.21393, 0.0 ]
[ 200.75278, 312.24747, 0.0 ]
[ 200.05154, 296.7875, 0.0 ]
[ 201.06944, 285.4138, 0.0 ]
[ 203.47699, 273.85962, 0.0 ]
[ 206.2826, 265.11368, 0.0 ]
[ 208.97546, 258.59296, 0.0 ]
[ 215.97276, 245.78348, 0.0 ]
[ 224.86484, 234.00972, 0.0 ]
[ 235.0375, 223.97446, 0.0 ]
[ 252.31064, 212.10385, 0.0 ]
[ 261.60822, 207.66322, 0.0 ]
[ 277.118, 202.65308, 0.0 ]
[ 282.5196, 201.53963, 0.0 ]
[ 298.45837, 200.01184, 0.0 ]
[ 308.4427, 200.357, 0.0 ]
[ 325.13318, 203.20987, 0.0 ]
[ 343.9987, 210.19954, 0.0 ]
[ 355.61075, 216.88892, 0.0 ]
[ 377.68466, 237.03094, 0.0 ]
[ 389.97888, 256.36734, 0.0 ]
[ 397.94217, 279.81738, 0.0 ]
[ 399.99872, 300.50934, 0.0 ]
[ 391.21606, 340.9833, 0.0 ]
[ 372.1178, 369.27496, 0.0 ]
[ 341.52817, 390.96927, 0.0 ]
[ 316.45065, 398.63757, 0.0 ]
[ 286.19653, 399.04272, 0.0 ]
[ 266.68866, 394.28867, 0.0 ]
[ 254.48218, 389.04004, 0.0 ]
[ 235.74959, 376.62823, 0.0 ]
[ 230.41837, 371.82196, 0.0 ]
[ 215.818, 353.9758, 0.0 ]
[ 210.86499, 345.3315, 0.0 ]
[ 206.86725, 336.41818, 0.0 ]
[ 202.7132, 323.13596, 0.0 ]
[ 200.81525, 312.74283, 0.0 ]
[ 200.09909, 295.55017, 0.0 ]
[ 202.30768, 278.64108, 0.0 ]
[ 211.6848, 253.09137, 0.0 ]
[ 219.90256, 240.13019, 0.0 ]
[ 227.2186, 231.42258, 0.0 ]
[ 219.49544, 240.67876, 0.0 ]
[ 227.2186, 231.42258, 0.0 ]
[ 241.27155, 219.06198, 0.0 ]
[ 249.27135, 213.8223, 0.0 ]
[ 256.55914, 209.92844, 0.0 ]
[ 272.87326, 203.74962, 0.0 ]
[ 310.55994, 200.55914, 0.0 ]
[ 304.70236, 200.11063, 0.0 ]
[ 326.25943, 203.50937, 0.0 ]
[ 399.88937, 304.70236, 0.0 ]
[ 391.44672, 259.53403, 0.0 ]
[ 399.88937, 304.70233, 0.0 ]
[ 396.6868, 325.5277, 0.0 ]
[ 393.27637, 336.04886, 0.0 ]
[ 386.08084, 350.8929, 0.0 ]
[ 374.1183, 367.1303, 0.0 ]
[ 369.2809, 372.1121, 0.0 ]
[ 359.9923, 380.00574, 0.0 ]
[ 346.87842, 388.33124, 0.0 ]
[ 334.68286, 393.79282, 0.0 ]
[ 329.50403, 395.54846, 0.0 ]
[ 319.66473, 398.0474, 0.0 ]
[ 309.47134, 399.5504, 0.0 ]
[ 299.8382, 399.99982, 0.0 ]
[ 290.96313, 399.5908, 0.0 ]
[ 284.29547, 398.7591, 0.0 ]
[ 278.55368, 397.67316, 0.0 ]
[ 256.32947, 389.96042, 0.0 ]
[ 238.6687, 378.98395, 0.0 ]
[ 224.4976, 365.56967, 0.0 ]
[ 211.92624, 347.36038, 0.0 ]
[ 208.58951, 340.54773, 0.0 ]
[ 200.25058, 307.07443, 0.0 ]
[ 200.41281, 290.92328, 0.0 ]
[ 202.30768, 278.64108, 0.0 ]
[ 218.62027, 241.88516, 0.0 ]
[ 230.56285, 228.03836, 0.0 ]
[ 254.66841, 210.86504, 0.0 ]
[ 281.14905, 201.79288, 0.0 ]
[ 289.3698, 200.56662, 0.0 ]
[ 321.35892, 202.30765, 0.0 ]
[ 351.15588, 214.0752, 0.0 ]
[ 351.15588, 214.0752, 0.0 ]
[ 364.58582, 223.65427, 0.0 ]
[ 380.1224, 240.16357, 0.0 ]
[ 375.65564, 234.60715, 0.0 ]
[ 384.14322, 245.9637, 0.0 ]
[ 390.70953, 257.9074, 0.0 ]
[ 396.0957, 272.33005, 0.0 ]
[ 397.6154, 278.2918, 0.0 ]
[ 399.76025, 293.07913, 0.0 ]
[ 398.51932, 317.14502, 0.0 ]
